Marginal limits

2015: 6.4x cross_SM (-1 because of the constant in power series)
   -3.3918    0.0001    3.3036    0.0001
   -7.2678    0.0005    7.2838    0.0001
  -45.3223    0.0001   45.1946    0.0001
   -5.9609    0.0001    5.8129    0.0001
  -12.8190    0.0005   11.6189    0.0001

2016: 1.7x cross_SM
   -1.7783    0.0001    1.6946    0.0011
   -5.5436    0.0002    5.6202    0.0011
  -33.6542    0.0002   29.1200    0.0280
   -3.0671    0.0000    2.9676    0.0002
   -6.9483    0.0002    5.6078    0.0011
