>> MARGINAL_LIMITS
Perturbative limits: [-12.5664,12.5664]
Lambda = 1 TeV
   -1.8772    1.7914
   -5.6554    5.7238
  -35.7163   31.0263
   -3.2461    3.1402
   -7.3168    5.9851

Lambda = 2 TeV
   -7.5087    7.1656
  -22.6215   22.8952
 -142.8652  124.1051
  -12.9843   12.5608
  -29.2670   23.9405

Lambda = 3 TeV
  -16.8946   16.1227
  -50.8984   51.5142
 -321.4468  279.2364
  -29.2147   28.2619
  -65.8508   53.8661

Lambda = 4 TeV
  -30.0349   28.6625
  -90.4860   91.5808
 -571.4609  496.4203
  -51.9373   50.2434
 -117.0681   95.7619

>> INDEPENDENT_LIMITS
Perturbative limits: [-12.5664,12.5664]
Lambda = 1 TeV
   -1.8558    1.7234
   -1.8571    1.7161
   -5.7033    5.2058
   -3.1394    3.1153
   -6.8614    5.8068

Lambda = 2 TeV
   -7.4231    6.8935
   -7.4283    6.8643
  -22.8131   20.8231
  -12.5577   12.4610
  -27.4456   23.2271

Lambda = 3 TeV
  -16.7019   15.5103
  -16.7137   15.4446
  -51.3295   46.8521
  -28.2548   28.0373
  -61.7526   52.2610

Lambda = 4 TeV
  -29.6923   27.5739
  -29.7133   27.4570
  -91.2525   83.2926
  -50.2308   49.8441
 -109.7824   92.9085
